1335 788
619 200
113 32
0 103
1 100
2 98
7 93
11 91
14 90
16 89
19 88
21 87
33 83
40 81
48 79
53 78
58 77
62 76
68 75
78 74
92 73
124 73
142 74
151 75
160 76
164 77
170 78
182 81
197 86
201 88
204 90
208 92
212 95
218 101
220 104
220 162
234 172
248 179
274 188
294 193
321 198
348 202
374 205
408 208
442 210
500 213
579 213
601 211
634 209
664 206
679 204
694 202
706 200
728 196
743 193
760 189
780 184
793 180
813 174
840 165
861 157
873 152
891 145
900 141
917 134
930 128
943 122
959 115
970 110
997 98
1020 88
1037 81
1060 72
1082 64
1112 54
1126 50
1148 44
1165 40
1183 36
1199 33
1229 28
1253 25
1269 23
1296 23
1299 25
1303 33
1308 50
1313 77
1322 142
1334 268
1334 289
157 787
152 785
147 781
144 777
140 773
132 761
117 731
110 716
97 683
86 652
70 601
52 537
43 498
39 473
38 361
41 351
30 335
19 313
4 288
0 279
0 263
11 185
11 165
6 139
0 114
561 13
563 11
569 9
574 8
584 7
596 6
607 5
651 1
660 0
728 0
736 1
746 3
753 8
753 17
750 36
746 70
744 82
741 93
740 95
735 98
719 106
692 116
661 123
643 123
632 121
610 114
591 105
587 101
583 95
573 76
567 59
562 37
