1250 880
0 0
23 44
0 447
2 443
31 422
63 406
101 396
165 390
220 390
277 395
343 405
431 425
485 440
742 499
815 513
889 524
967 533
1031 538
1104 542
1217 542
179 745
59 626
31 583
36 514
0 451
119 34
121 29
131 21
146 13
158 9
171 6
229 0
271 0
312 3
341 7
396 15
455 22
514 27
597 32
724 32
832 29
874 29
945 31
1014 36
1069 42
1121 52
1157 63
1197 81
1229 103
1249 132
1130 457
1016 453
978 450
913 440
843 424
764 400
713 379
662 351
595 308
532 256
476 204
396 144
339 109
255 71
206 61
167 59
145 56
126 49
119 41