758 678
0 35
6 11
18 11
19 12
29 12
30 13
40 13
41 14
51 14
52 15
62 15
63 16
74 16
75 17
86 17
87 18
99 18
100 19
112 19
113 20
127 20
128 21
143 21
144 22
161 22
162 23
181 23
182 24
206 24
207 25
239 25
240 26
355 26
356 25
386 25
387 24
408 24
409 23
429 23
430 22
448 22
449 21
466 21
467 20
483 20
484 19
500 19
501 18
516 18
517 17
531 17
532 16
545 16
546 15
558 15
559 14
571 14
572 13
583 13
584 12
595 12
596 11
606 11
607 10
617 10
618 9
628 9
629 8
638 8
639 7
648 7
649 6
657 6
658 5
667 5
668 4
676 4
677 3
686 3
687 2
695 2
696 1
704 1
705 0
726 0
731 1
734 2
738 3
748 8
757 18
757 48
354 677
270 366
169 366
134 315
98 176
58 124
7 88
0 62